3710488534743416502140186392626656404284018803879685489629396988697402470751233
3715133423877806467827566750436023022617681202489430138895129364558566184825843
3718520129486291358469702230363887318201210347512704112692585258650581371516869
3721210603627906986597035243644650549817208847290505215408447042546066748993028
3736683635392532728143969340082878336204310741184569500197426640195698061072131
3740552531855242431658411664810360386353395508329647677210790236141706586114196
3742384972372316547030172073445002751344949540434816249348075671864627759814451
3746589185827677333221619973282225630668824610414939073636453848522176885539356
3761401906659638993350362991610638391620509217103310200708571440662966088694280
3768583948804733716899309686935980964202111209609976315608019758169525251316994
3773836165352001398033068605152523192569958947478623194357269951900558606282825
3775495598633260143406654298412553983867978597850381939650626867150516550320469
3782706127378519612866587642400499389216502532909906495080504899969361490579028
3792744430539374398442567818401262061648470040698393794851758271121466099906831
3798522571248760102560882797519706543422399484795874587427281944742937302495243
3806632063952337542358515220056144866203554336845944451446100865310953696815848
3807412291149401030446023112087116184089724789073915548096778109216775342836766
3816438470131244031331684026565475876045707998182636606260355906556740486042835
3819194474232255144125402412585882554427732887852514484246195781588778247927875
980220897429139861960698987681979689239544451730135901080224629392804020591530766
980889753221516096894230243057902955485418798066798708470905285396523976625796097
984652512309936300045951346907003748268007085300468405266921233938187543245003335
988560708799857670152771915095382133260685963182115731962152396406577226983176450
990882830746975089136966892757236089359484860588323802191649471618348419195657755
994883634751105796002406804946632259222662050295422479352813164712224187896626434
995088620254401217180765010583243389623398805654461728560400515965438723052776490
995808095365058960321216984075292054274915859274534357954797496010058699216762372
996857145855643294766492334476194934400001337727782908589836936372887425493625607
998576572265191845813002091989791483714894679078557943265728754127259935869683510
1001291225598103613413288405681853609673807482395983577414535522779918364670518275
1001749200209054748490968784128787780730546642669298299541992524230025935982129675
1004140611954838003505738280013513118722464218480268499002564910782805155662000641
1004529873054476938010651619565614892861770714820420741210361192900802337032607502
1006683249752610249076127866348800672250530977130938893771529657790166697653804289
